@TOLERANCE   0.1   0.1


@FILE data-qm-molnm-10744.txt

@BONDS-PAR   NONE

@BONDS-INI-ALL-X   51.0179551259
@BONDS-INI-ALL-Y   1   0   1   0   0   3   10   5   9   15   12   12   22   42   52   63   74   95   99   115   136   140   170   143   149   138   115   133   127   140   163   160   204   195   228   240   221   216   168   168   179   205   200   284   279   285   301   283   290   270   222   184   161   168   166   159   189   210   203   187   178   151   147   117   108   90   109   102   102   127   146   130   112   91   79   73   50   66   44   44   42   33   22   23   34   11   19   15   10   16   14   12   6   6   2   4   
@BONDS-FIN-ALL-X   51.0179551259
@BONDS-FIN-ALL-Y   1   0   1   0   0   3   5   3   4   7   2   4   4   4   4   5   4   6   5   6   6   4   5   4   4   3   4   4   3   4   3   4   3   4   4   4   3   4   4   5   4   4   5   4   3   4   5   3   4   3   4   4   3   4   5   3   4   3   3   4   4   3   3   3   3   4   5   4   3   4   2   4   4   4   3   3   4   3   5   4   5   5   2   3   4   5   4   3   4   3   3   3   3   4   1   3   

@ANGLES-PAR   NONE

@ANGLES-INI-ALL-X   712.7327103774318
@ANGLES-INI-ALL-Y   3   0   0   0   0   0   0   0   0   0   3   0   0   0   0   3   3   6   10   6   2   4   9   9   3   7   4   0   10   20   26   29   18   6   9   15   37   71   75   67   63   78   59   41   48   54   43   43   52   53   52   63   75   110   165   180   160   164   213   267   389   428   486   564   791   842   818   731   628   597   664   481   326   253   157   77   39   17   7   3   3   3   2   
@ANGLES-FIN-ALL-X   723.9822457277937
@ANGLES-FIN-ALL-Y   1   0   1   0   1   0   0   0   0   0   2   0   1   2   0   1   0   0   1   4   4   2   2   1   1   6   0   1   0   0   1   0   4   5   7   9   7   4   2   2   5   10   9   14   18   24   29   26   33   28   18   14   13   10   10   3   3   6   0   2   1   1   0   



@FILE data-qm-molnm-21442.txt

@BONDS-PAR   NONE

@BONDS-INI-ALL-X   50.07754318309999
@BONDS-INI-ALL-Y   3   0   4   3   1   2   4   0   1   3   4   3   7   10   19   19   10   7   13   23   16   27   36   24   38   57   33   70   80   85   105   156   183   218   231   233   243   291   308   289   315   306   274   283   310   317   367   351   346   391   440   430   412   420   366   378   373   390   409   434   480   423   467   478   465   463   386   359   333   319   316   270   318   343   275   306   266   261   258   205   217   196   211   193   181   220   236   159   185   141   174   167   148   138   128   125   106   79   96   81   73   68   75   82   102   84   88   67   59   47   34   25   21   20   21   23   20   47   38   41   20   20   11   6   3   1   1   1   
@BONDS-FIN-ALL-X   50.07754318309999
@BONDS-FIN-ALL-Y   3   0   2   2   1   1   2   0   1   2   2   2   3   4   7   7   4   2   4   5   5   4   3   3   5   4   4   3   5   3   3   5   7   5   4   6   4   6   4   4   4   3   5   4   5   5   4   6   5   3   5   3   4   4   4   3   3   3   5   3   5   3   3   5   4   4   4   4   3   4   3   5   4   4   5   3   4   3   3   4   4   4   4   4   3   3   4   4   5   4   4   3   3   4   3   4   5   5   3   4   4   4   5   3   4   5   4   4   3   4   3   4   3   5   5   3   4   3   4   2   4   4   3   2   1   1   1   1   

@ANGLES-PAR   NONE

@ANGLES-INI-ALL-X   712.7327103774318
@ANGLES-INI-ALL-Y   3   0   0   0   0   0   0   0   1   2   3   0   2   1   4   5   3   7   17   9   11   6   20   14   15   34   33   33   38   59   68   99   79   58   55   97   102   180   250   264   344   332   285   331   398   425   467   531   592   722   723   627   596   590   648   568   463   454   435   490   595   613   666   735   968   1004   945   799   670   645   742   533   354   268   161   77   39   17   7   3   3   3   2   
@ANGLES-FIN-ALL-X   726.2329630659857
@ANGLES-FIN-ALL-Y   2   1   0   1   1   1   2   0   4   2   2   1   3   3   1   1   5   9   18   6   13   8   3   16   17   17   10   20   19   12   18   21   21   16   14   13   6   6   9   10   16   12   14   18   20   11   11   11   7   4   4   3   4   2   0   0   1   



@FILE data-qm-molnm-32071.txt

@BONDS-PAR   NONE

@BONDS-INI-ALL-X   50.07754318309999
@BONDS-INI-ALL-Y   3   0   4   3   1   2   4   0   1   3   4   3   7   10   19   19   10   7   13   23   16   27   36   24   38   57   33   70   80   85   105   156   183   218   231   233   243   291   308   289   315   306   274   283   310   317   370   351   351   399   457   455   446   446   413   432   407   444   450   479   514   466   498   520   520   522   458   457   426   414   427   393   469   458   408   444   404   452   402   375   383   368   370   347   361   433   407   342   363   318   397   365   355   312   308   291   266   248   264   260   214   242   225   284   266   246   216   222   170   154   135   93   118   91   83   79   113   123   123   124   84   78   57   64   30   37   29   17   31   26   31   19   18   13   17   19   15   14   17   29   20   49   39   49   39   26   19   29   25   30   21   21   35   24   44   53   39   39   34   18   23   19   49   27   27   27   44   34   53   51   56   45   33   33   28   21   32   18   15   18   32   25   27   39   30   21   23   26   18   11   17   6   5   11   16   17   11   21   21   18   12   22   12   5   2   2   
@BONDS-FIN-ALL-X   50.07754318309999
@BONDS-FIN-ALL-Y   3   0   2   2   1   1   2   0   1   2   2   2   3   4   7   7   4   2   4   5   5   4   3   3   5   4   4   3   5   3   3   5   7   5   4   6   4   6   4   4   4   3   5   4   5   5   4   6   5   4   5   4   3   4   3   2   3   3   4   4   3   3   4   4   4   5   4   3   5   4   4   3   4   4   4   4   3   4   2   5   3   3   5   4   4   3   3   4   5   3   5   2   5   4   3   4   4   4   4   2   5   3   4   4   4   3   4   5   3   4   4   4   3   4   4   5   3   5   3   4   5   3   5   5   3   4   3   4   4   5   3   3   4   2   3   3   3   4   3   4   3   4   3   4   3   4   4   3   5   4   4   3   4   4   4   4   4   4   4   3   2   3   3   3   3   4   4   3   4   4   3   4   3   3   4   4   4   3   4   3   3   2   4   4   4   3   5   4   2   4   4   2   3   3   3   3   3   4   4   3   4   4   2   3   1   2   

@ANGLES-PAR   NONE

@ANGLES-INI-ALL-X   678.381159180954
@ANGLES-INI-ALL-Y   3   0   0   3   0   6   0   0   0   3   0   3   3   9   7   8   9   3   6   3   4   14   8   25   15   18   46   26   31   16   17   8   15   32   17   30   43   27   17   70   62   100   42   52   44   29   60   24   55   97   115   96   97   117   90   86   99   98   95   103   94   160   225   209   210   188   195   163   180   238   181   151   243   211   227   210   186   156   191   320   278   232   258   273   260   160   215   272   267   260   258   318   283   214   291   397   433   473   445   385   403   537   577   525   604   642   754   828   732   654   622   675   641   500   467   447   461   572   622   631   727   896   1023   958   848   687   658   713   603   392   284   184   104   49   10   13   4   3   2   3   
@ANGLES-FIN-ALL-X   692.2464446534063
@ANGLES-FIN-ALL-Y   1   1   1   4   0   3   0   3   0   0   1   1   1   3   0   2   4   0   8   0   5   3   2   3   0   7   9   5   5   4   4   6   5   3   5   3   6   4   2   4   6   9   9   11   10   8   7   8   14   9   9   9   11   9   9   14   9   5   12   10   11   10   7   8   8   5   5   8   9   6   4   6   5   8   11   5   6   9   8   7   7   17   11   11   10   13   10   19   13   18   16   9   9   9   11   9   10   11   13   12   11   9   6   10   5   6   3   1   4   0   2   0   0   1   



@FILE data-qm-molnm-42697.txt

@BONDS-PAR   NONE

@BONDS-INI-ALL-X   50.07754318309999
@BONDS-INI-ALL-Y   3   0   4   3   1   2   4   0   1   3   4   3   7   10   19   19   10   7   13   23   16   27   36   24   38   57   33   70   80   85   105   156   183   218   231   233   243   291   308   289   315   306   274   283   310   317   370   351   351   399   457   455   446   446   413   432   407   444   450   490   518   469   509   530   536   549   470   478   446   438   449   433   516   496   462   481   443   490   469   406   423   410   407   380   417   499   473   435   433   411   493   477   432   400   389   369   343   360   368   382   334   352   347   408   357   350   310   298   247   226   223   177   210   184   172   190   228   199   220   210   168   160   127   155   118   124   87   76   99   101   95   83   82   66   95   85   79   82   97   90   74   108   121   147   131   130   127   133   137   117   110   117   117   91   97   122   141   130   114   122   124   111   156   114   125   140   124   120   154   167   177   192   158   163   130   124   135   94   92   96   97   84   97   105   89   113   97   77   48   62   62   47   50   52   62   61   59   77   57   80   87   65   41   45   27   26   16   18   15   11   9   1   0   2   
@BONDS-FIN-ALL-X   50.07754318309999
@BONDS-FIN-ALL-Y   3   0   2   2   1   1   2   0   1   2   2   2   3   4   7   7   4   2   4   5   5   4   3   3   5   4   4   3   5   3   3   5   7   5   4   6   4   6   4   4   4   3   5   4   5   5   4   6   5   4   5   4   3   4   3   2   3   3   4   4   3   3   4   4   6   4   5   3   5   4   3   4   5   4   3   5   4   3   5   4   3   3   3   3   4   5   4   3   4   5   3   4   4   4   3   5   3   4   4   4   4   4   4   3   4   3   4   4   4   2   4   3   5   3   3   4   4   4   4   3   4   3   4   4   4   4   4   4   5   4   4   5   3   5   4   2   4   2   3   5   4   4   4   4   3   4   4   4   5   4   4   4   5   4   4   3   4   4   3   4   4   4   4   5   4   4   3   4   4   3   4   4   5   3   2   4   3   4   4   3   5   4   4   5   4   4   3   4   3   4   4   3   4   4   4   3   3   5   3   5   3   4   4   3   3   4   3   2   3   4   5   0   0   2   

@ANGLES-PAR   NONE

@ANGLES-INI-ALL-X   628.3141816106347
@ANGLES-INI-ALL-Y   2   2   1   1   0   8   11   8   4   8   9   10   8   6   20   17   7   5   10   10   21   20   20   7   2   4   9   13   6   2   3   7   25   19   16   23   13   13   9   13   15   14   23   24   37   27   5   2   1   2   8   22   17   8   4   11   4   5   10   4   1   6   24   26   50   33   23   14   11   11   20   13   12   10   7   12   27   5   13   37   32   45   35   23   13   25   42   43   23   6   32   47   14   24   41   46   18   26   35   80   26   44   35   17   28   21   60   43   52   43   58   35   38   32   32   34   35   36   24   52   40   30   48   81   114   86   82   56   65   100   73   76   124   158   207   115   161   169   228   147   145   201   208   184   188   377   447   354   322   348   326   251   364   371   313   314   327   436   481   436   371   410   505   579   417   406   395   409   369   317   448   386   403   379   467   433   437   425   549   551   680   698   715   640   616   729   628   605   660   720   824   792   697   632   669   654   572   474   451   439   515   611   626   677   835   943   1040   890   762   624   732   657   488   329   222   129   72   30   9   6   5   2   3   
@ANGLES-FIN-ALL-X   632.2051471968817
@ANGLES-FIN-ALL-Y   1   0   0   0   0   0   1   1   0   0   0   0   0   0   0   0   0   1   1   0   0   0   0   0   0   2   0   0   0   0   0   0   0   0   0   0   0   0   0   0   0   0   0   0   0   1   0   0   0   1   1   0   0   0   0   1   1   1   0   0   0   0   0   0   0   0   1   0   1   0   0   0   1   0   0   0   2   1   0   1   1   1   0   0   1   1   0   0   2   1   0   0   1   1   1   2   0   0   0   1   0   0   0   2   0   2   0   2   0   0   1   1   0   2   1   1   1   2   4   0   2   2   1   3   1   2   2   4   3   4   2   4   3   2   4   8   3   4   5   12   7   11   18   9   3   4   7   9   10   11   13   15   18   9   5   11   12   7   11   12   5   6   9   9   11   8   9   4   6   11   9   7   11   9   15   15   16   15   6   11   11   8   10   9   11   11   8   16   13   21   18   7   9   10   7   9   13   13   17   6   8   9   5   5   8   10   4   2   1   0   2   0   1   1   



@FILE data-qm-molnm-53292.txt

@BONDS-PAR   NONE

@BONDS-INI-ALL-X   50.07754318309999
@BONDS-INI-ALL-Y   3   0   4   3   1   5   7   5   5   6   8   4   11   12   25   26   14   13   26   44   46   50   79   81   77   101   74   121   116   132   155   195   249   275   295   309   349   389   408   413   420   408   368   384   402   421   493   460   515   557   601   622   632   633   561   583   542   598   608   642   686   646   705   711   758   774   662   644   619   643   617   601   712   685   647   642   625   661   648   556   586   562   581   519   555   659   613   561   561   530   607   587   537   497   492   473   422   438   454   437   394   412   390   446   399   382   344   348   277   253   243   195   226   195   186   207   239   202   231   215   179   165   129   155   118   124   87   76   99   101   95   83   82   66   95   85   79   82   97   90   74   108   121   147   131   130   127   133   137   117   110   117   117   91   97   122   141   130   114   122   124   111   156   114   125   140   124   120   154   167   177   192   158   163   130   124   135   94   92   96   97   84   97   105   89   113   97   77   48   62   62   47   50   52   62   61   59   77   57   80   87   65   41   45   27   26   16   18   15   11   9   1   0   2   
@BONDS-FIN-ALL-X   50.07754318309999
@BONDS-FIN-ALL-Y   3   0   2   2   1   2   3   2   3   4   4   2   6   5   6   5   4   3   5   6   4   8   4   5   7   5   7   3   6   5   3   6   5   3   4   5   3   4   5   3   5   4   4   4   2   4   4   4   4   3   3   3   4   3   4   4   4   4   3   4   3   4   4   4   3   3   4   5   3   3   3   4   4   4   2   4   3   4   3   5   4   3   5   3   4   4   4   5   4   3   5   4   3   4   4   3   4   3   4   3   3   5   3   3   4   5   4   2   4   4   4   3   4   5   3   4   4   4   5   4   4   3   5   4   3   3   4   3   3   3   4   4   4   3   4   3   4   5   4   4   3   5   3   4   4   5   3   3   4   4   4   3   4   4   4   3   4   3   3   4   3   4   4   3   5   5   2   4   3   4   4   2   5   5   3   4   5   3   4   4   4   4   4   4   4   4   4   3   4   3   4   4   4   3   4   4   4   3   4   3   4   3   3   4   4   3   3   3   4   4   4   0   0   2   

@ANGLES-PAR   NONE

@ANGLES-INI-ALL-X   620.1861468246723
@ANGLES-INI-ALL-Y   2   1   0   0   0   0   1   1   1   2   8   2   0   1   1   3   5   3   3   9   21   10   12   6   12   9   8   12   27   18   3   10   13   23   24   26   12   4   5   7   21   22   16   15   15   15   26   33   20   18   13   18   18   29   27   20   28   30   37   27   15   11   17   11   17   25   14   14   19   11   13   27   27   10   5   14   33   39   60   31   17   19   16   21   24   17   20   16   15   31   17   23   46   68   44   70   63   62   32   46   50   38   36   51   69   44   52   44   65   54   42   61   105   102   73   80   51   39   66   71   87   96   56   99   78   74   46   44   98   73   83   74   69   165   129   139   154   151   175   157   159   165   108   151   153   243   271   322   293   367   322   236   247   298   298   288   285   288   325   495   546   510   499   509   382   387   506   417   418   454   443   547   546   524   434   503   617   582   479   539   577   488   357   471   564   469   474   464   548   502   520   543   584   678   760   773   754   680   758   766   654   684   761   876   961   844   738   719   808   764   635   552   498   542   648   693   713   782   961   1091   1045   932   781   760   755   625   433   357   268   208   129   66   36   6   3   2   3   
@ANGLES-FIN-ALL-X   635.5064273300916
@ANGLES-FIN-ALL-Y   1   0   0   0   0   0   0   0   0   0   0   0   0   1   0   0   1   0   0   0   0   1   0   0   0   1   0   0   0   0   1   1   0   0   1   0   0   0   0   0   0   0   0   0   0   1   0   1   0   0   0   1   1   1   0   0   0   0   0   0   0   0   0   0   0   0   1   0   3   1   0   0   1   0   1   3   0   0   0   0   1   2   0   2   2   0   1   1   1   3   0   1   1   0   3   0   2   0   1   0   3   0   2   0   2   2   0   2   0   1   0   0   3   0   3   2   2   3   2   5   4   7   12   6   7   5   4   5   5   5   7   4   7   7   17   15   11   13   7   5   12   16   12   7   7   12   12   12   8   12   15   16   7   8   14   9   8   11   7   8   6   8   12   7   6   11   11   16   13   18   17   5   10   5   8   6   3   7   7   10   14   11   6   13   11   7   9   3   1   4   8   9   10   8   14   11   11   4   2   7   1   5   1   0   2   1   1   



@FILE data-qm-molnm-5361.txt

@BONDS-PAR   NONE

@BONDS-INI-ALL-X   51.4704809028
@BONDS-INI-ALL-Y   1   3   10   2   4   4   9   7   5   5   12   6   10   8   8   13   8   15   16   36   28   24   30   36   41   48   49   69   62   65   52   67   67   80   87   109   134   178   126   154   110   118   113   81   100   99   109   118   126   166   185   144   149   126   131   109   75   107   74   97   103   100   138   155   98   95   76   75   56   53   59   37   44   41   26   19   31   22   11   22   11   12   15   15   7   7   4   3   
@BONDS-FIN-ALL-X   51.4704809028
@BONDS-FIN-ALL-Y   1   3   4   2   2   3   5   3   3   2   5   3   3   4   5   4   3   4   4   9   4   5   5   6   7   3   4   4   5   4   3   3   5   4   4   3   4   4   3   5   3   4   4   4   4   3   3   3   4   5   3   4   4   5   4   3   4   4   3   4   3   4   4   4   4   3   5   4   4   4   4   4   3   4   5   2   4   5   4   4   3   3   4   4   2   4   3   2   

@ANGLES-PAR   NONE

@ANGLES-INI-ALL-X   734.9154235900954
@ANGLES-INI-ALL-Y   3   0   1   5   6   3   4   3   4   5   10   19   16   4   13   23   22   38   66   83   85   99   111   166   184   244   266   338   344   343   344   379   455   564   420   291   203   112   53   22   8   2   
@ANGLES-FIN-ALL-X   740.1320036684183
@ANGLES-FIN-ALL-Y   1   0   0   1   0   0   2   0   2   3   4   4   3   5   4   11   12   13   22   27   16   31   26   30   31   40   13   14   15   3   3   



@FILE OVERALL

@BONDS-PAR   NONE

@BONDS-INI-ALL-X   50.07754318309999
@BONDS-INI-ALL-Y   12   0   8   8   4   5   9   2   6   10   10   8   15   17   27   27   16   10   17   21   20   25   16   19   26   29   24   18   27   23   20   28   34   27   24   34   23   31   27   22   25   21   28   26   25   28   25   33   25   23   25   23   20   24   22   19   21   22   23   23   22   20   24   25   23   23   25   23   22   24   20   22   26   23   20   24   23   21   20   24   22   20   25   21   22   23   21   24   26   22   25   20   23   25   21   23   25   24   21   19   26   24   24   19   24   23   22   21   22   18   21   16   15   17   15   16   15   16   16   13   17   13   17   15   11   12   12   12   13   12   11   12   11   10   11   8   11   11   10   13   10   13   10   12   10   13   11   10   14   12   12   10   13   12   12   10   12   11   10   11   9   11   11   11   12   13   9   11   11   11   11   10   13   11   9   12   12   10   12   10   12   10   12   13   12   11   12   11   9   11   12   9   11   10   11   10   10   12   11   11   11   11   9   10   8   9   6   5   7   8   9   0   0   4   
@BONDS-FIN-ALL-X   50.07754318309999
@BONDS-FIN-ALL-Y   10   0   4   3   3   4   5   2   3   4   3   2   5   4   4   4   4   3   3   5   3   4   4   3   4   4   4   4   4   5   3   5   4   5   4   4   4   5   4   3   4   5   4   4   6   4   4   4   4   5   4   4   5   4   6   4   4   4   4   4   4   5   5   4   4   5   5   5   3   4   4   3   5   4   4   5   3   4   4   4   4   4   3   4   4   3   5   4   4   4   4   4   4   5   3   4   4   4   4   3   5   3   4   3   3   3   5   4   4   3   5   4   4   4   3   5   3   3   5   3   4   3   5   4   4   4   4   5   4   4   3   4   4   3   5   3   4   3   4   4   4   4   4   3   2   4   4   4   5   4   5   4   4   4   4   4   4   4   4   4   3   5   5   4   3   4   3   5   5   5   4   3   4   4   3   4   5   4   5   3   5   5   4   4   4   4   5   4   5   3   5   4   4   3   4   3   3   4   4   4   4   4   2   4   4   4   3   2   4   4   5   0   0   2   

@ANGLES-PAR   NONE

@ANGLES-INI-ALL-X   632.2051471968817
@ANGLES-INI-ALL-Y   1   0   0   0   0   1   1   1   0   0   0   0   0   0   0   0   0   1   2   0   0   0   1   0   0   2   0   1   0   0   0   1   0   0   0   0   1   1   0   1   0   0   0   0   0   1   0   0   0   1   1   1   0   1   0   1   2   1   2   0   0   0   0   0   0   0   1   0   1   0   0   0   2   3   1   0   2   2   0   1   4   2   0   0   1   1   3   0   2   4   1   1   1   3   2   4   1   0   1   3   2   1   2   7   1   6   2   5   2   1   4   3   1   7   2   3   5   4   13   1   11   6   4   10   4   14   18   18   17   14   10   15   12   10   17   15   14   14   15   29   24   35   42   29   17   20   28   33   32   29   27   38   41   31   20   41   40   25   34   29   29   26   27   28   31   22   25   23   30   26   24   27   30   48   48   57   46   40   33   35   40   52   40   38   53   54   46   72   67   83   70   39   42   40   41   53   69   83   97   103   86   108   88   76   75   75   39   36   23   9   17   0   5   4   1   0   
@ANGLES-FIN-ALL-X   642.6007387522756
@ANGLES-FIN-ALL-Y   1   1   0   0   0   0   0   0   0   0   0   0   0   0   0   0   0   0   0   1   0   0   0   0   0   0   0   0   0   0   0   1   1   0   0   0   0   1   0   1   0   0   0   0   0   0   0   0   0   1   0   0   0   0   0   0   0   0   1   0   0   0   1   1   1   0   0   0   0   0   0   2   1   0   0   1   0   1   0   0   0   1   1   0   2   1   2   0   0   3   0   0   2   1   0   2   2   1   1   2   2   5   1   5   4   1   3   2   5   4   5   4   4   4   5   2   3   4   8   3   5   8   13   10   11   10   13   5   5   14   10   9   7   12   12   15   8   8   15   13   6   7   7   8   3   8   10   9   4   8   8   11   9   7   3   9   16   13   11   12   6   10   4   5   13   6   6   11   10   6   14   10   23   13   10   10   3   8   12   17   19   23   18   20   18   11   16   8   13   2   6   2   1   2   0   0   1   



